1	23	32
2	36	44
3	36	51
4	61	72
5	98	102
6	108	115
7	120	127
8	139	147
9	151	163
10	169	179
11	169	184
12	200	206
13	226	234
14	242	256
15	262	270
16	275	283
17	309	314
18	331	345
19	331	355
20	361	369
21	379	387
22	415	424
23	428	433
24	435	441
25	442	450
26	435	450
27	442	460
28	435	460
29	471	477
30	471	488
31	540	550
32	557	567
33	570	578
34	597	603
35	608	616
36	621	631
37	638	645
38	656	663
39	656	672
40	688	694
41	709	721
42	709	729
43	735	740
44	735	747
45	765	772
46	775	784
47	788	795
48	797	804
49	805	816
50	797	816
51	821	833
52	842	850
53	896	904
54	914	922
55	926	938
56	953	960
57	966	978
58	983	991
59	1026	1031
60	1026	1038
61	1041	1049
62	1062	1072
63	1083	1088
64	1093	1101
65	1108	1116
66	1121	1128
67	1141	1148
68	1121	1140
69	1121	1148
70	1155	1163
71	1164	1170
72	1155	1170
73	1175	1188
74	1194	1202
75	1207	1216
76	1237	1246
77	1276	1282
78	1296	1302
79	1320	1332
80	1343	1351
81	1359	1365
82	1370	1378
83	1385	1389
84	1413	1420
85	1426	1430
86	1454	1464
87	1469	1476
88	1469	1484
89	1503	1511
90	1512	1520
91	1503	1520
92	1529	1534
93	1542	1550
94	1563	1573
95	1580	1590
96	1602	1614
97	1602	1622
98	1626	1633
99	1636	1644
100	1648	1652
101	1659	1669
102	1677	1683
103	1688	1695
104	1710	1720
105	1724	1732
106	1737	1747
107	1751	1759
108	1751	1767
109	1776	1781
110	1785	1793
111	1798	1807
112	1798	1817
113	1850	1854
114	1870	1879
115	1870	1888
116	1907	1918
117	1933	1939
118	1955	1964
119	1968	1972
120	1998	2006
121	2011	2017
122	2011	2027
123	2033	2040
124	2049	2058
125	2066	2073
126	2074	2079
127	2066	2079
128	2085	2089
129	2095	2101
130	2107	2112
131	2113	2123
132	2107	2123
133	2132	2139
134	2145	2151
135	2145	2160
136	2167	2179
137	2183	2191
138	2199	2208
139	2210	2216
140	2250	2257
141	2258	2265
142	2250	2265
143	2276	2282
144	2287	2291
145	2306	2312
146	2333	2339
147	2341	2350
148	2354	2361
149	2354	2371
150	2383	2391
151	2397	2404
152	2397	2413
153	2438	2443
154	2455	2459
155	2471	2478
156	2486	2497
157	2498	2509
158	2486	2509
159	2513	2518
160	2513	2525
161	2533	2538
162	2548	2557
163	2558	2569
164	2548	2569
165	2579	2584
166	2594	2606
167	2617	2635
168	2644	2650
169	2660	2668
170	2673	2683
171	2660	2683
172	2688	2696
173	2706	2716
174	2723	2729
175	2741	2747
176	2751	2759
177	2751	2768
178	2781	2789
179	2793	2803
180	2804	2812
181	2793	2812
182	2814	2823
183	2825	2829
184	2825	2842
185	2844	2850
186	2854	2866
187	2868	2877
188	2879	2891
189	2900	2907
190	2912	2919
191	2927	2935
192	2939	2946
193	2939	2956
194	2961	2969
195	2973	2982
196	2984	2993
197	2984	3007
198	3012	3016
199	3025	3034
200	3045	3056
201	3060	3073
202	3099	3105
203	3106	3110
204	3099	3110
205	3115	3122
206	3127	3132
207	3135	3143
208	3147	3158
209	3147	3167
210	3173	3185
211	3195	3207
212	3213	3222
213	3226	3235
214	3240	3250
215	3264	3273
216	3278	3283
217	3284	3293
218	3278	3293
219	3302	3310
220	3302	3316
221	3329	3342
222	3346	3352
223	3357	3365
224	3383	3387
225	3393	3400
226	3393	3408
227	3417	3424
228	3434	3438
229	3444	3452
230	3456	3459
231	3465	3474
232	3494	3498
233	3504	3509
234	3504	3519
235	3529	3536
236	3541	3548
237	3550	3561
238	3564	3575
239	3585	3593
240	3597	3601
241	3613	3622
242	3636	3641
243	3678	3682
244	3678	3690
245	3696	3701
246	3709	3715
247	3716	3723
248	3709	3723
249	3734	3742
250	3747	3751
251	3755	3763
252	3768	3779
253	3780	3787
254	3768	3787
255	3794	3799
256	3801	3806
257	3811	3821
258	3825	3831
259	3835	3839
260	3835	3846
261	3861	3868
262	3872	3877
263	3883	3891
264	3896	3902
265	3906	3916
266	3920	3928
267	3943	3948
268	3955	3962
269	3969	3974
270	3986	3993
271	3994	4002
272	3986	4002
273	3994	4009
274	3986	4009
275	4048	4056
276	4062	4066
277	4074	4083
278	4111	4118
279	4122	4130
280	4133	4140
281	4141	4148
282	4133	4148
283	4156	4163
284	4167	4175
285	4180	4181
286	4180	4188
287	4198	4202
288	4209	4216
289	4224	4231
290	4247	4253
291	4257	4266
292	4275	4283
293	4298	4307
294	4312	4320
295	4326	4334
296	4339	4346
297	4347	4355
298	4339	4355
299	4371	4377
300	4388	4393
301	4382	4393
302	4409	4413
303	4420	4427
304	4409	4427
305	4431	4436
306	4431	4445
307	4449	4459
308	4463	4471
309	4476	4483
310	4494	4499
311	4476	4493
312	4484	4499
313	4476	4499
314	4502	4510
315	4515	4523
316	4526	4538
317	4543	4548
318	4552	4558
319	4562	4566
320	4573	4577
321	4584	4591
322	4605	4615
323	4617	4621
324	4626	4631
325	4642	4651
326	4653	4657
327	4676	4680
328	4684	4691
329	4700	4707
330	4700	4716
331	4729	4739
332	4743	4747
333	4754	4763
334	4768	4772
335	4777	4781
336	4786	4791
337	4796	4804
338	4811	4819
339	4825	4832
340	4825	4842
341	4846	4852
342	4861	4868
343	4876	4887
344	4892	4904
345	4892	4914
346	4919	4928
347	4933	4940
348	4941	4948
349	4933	4948
350	4961	4969
351	4970	4977
352	4961	4977
353	4984	4988
354	4996	5003
355	5008	5019
356	5024	5041
357	5043	5048
358	5058	5065
359	5043	5057
360	5049	5065
361	5043	5065
362	5079	5084
363	5087	5095
364	5100	5110
365	5131	5135
366	5140	5148
367	5155	5159
368	5163	5170
369	5177	5181
370	5186	5191
371	5198	5207
372	5214	5222
373	5229	5236
374	5229	5248
375	5255	5262
376	5272	5281
377	5299	5304
378	5308	5315
379	5345	5351
380	5360	5364
381	5371	5377
382	5385	5390
383	5396	5406
384	5396	5415
385	5420	5427
386	5438	5449
387	5420	5437
388	5420	5449
389	5454	5460
390	5469	5478
391	5482	5490
392	5493	5499
393	5504	5515
394	5522	5528
395	5538	5546
396	5538	5557
397	5565	5573
398	5585	5593
399	5602	5609
400	5613	5618
401	5633	5642
402	5649	5658
403	5668	5679
404	5687	5694
405	5697	5705
406	5709	5714
407	5720	5725
408	5734	5743
409	5750	5758
410	5763	5775
411	5782	5790
412	5794	5800
413	5815	5819
414	5826	5831
415	5844	5848
416	5853	5861
417	5866	5876
418	5893	5903
419	5907	5910
420	5918	5927
421	5931	5935
422	5955	5963
423	6003	6012
424	6033	6040
425	6052	6059
426	6061	6068
427	6069	6073
428	6061	6073
429	6087	6096
430	6102	6109
431	6116	6123
432	6116	6133
433	6102	6123
434	6145	6152
435	6171	6179
436	6186	6191
437	6201	6207
438	6214	6220
439	6227	6233
440	6237	6241
441	6246	6253
442	6255	6265
443	6269	6274
444	6280	6288
445	6295	6305
446	6310	6320
447	6324	6331
448	6339	6342
449	6339	6353
450	6358	6360
451	6380	6384
452	6391	6401
453	6431	6442
454	6445	6453
455	6455	6466
456	6468	6475
457	6477	6484
458	6488	6491
459	6494	6502
460	6506	6517
461	6519	6524
462	6528	6535
463	6528	6540
464	6553	6563
465	6570	6578
466	6579	6588
467	6570	6588
468	6611	6615
469	6622	6627
470	6617	6627
471	6633	6645
472	6633	6660
473	6662	6669
474	6686	6693
475	6698	6706
476	6710	6717
477	6719	6730
478	6734	6739
479	6734	6745
480	6761	6767
481	6778	6783
482	6793	6798
483	6799	6807
484	6793	6807
485	6812	6816
486	6823	6831
487	6832	6841
488	6823	6841
489	6845	6850
490	6855	6861
491	6868	6881
492	6887	6898
493	6902	6910
494	6919	6929
495	6943	6950
496	6943	6959
497	6966	6974
498	6979	6994
499	7016	7023
500	7028	7037
501	7058	7065
502	7070	7079
503	7089	7096
504	7100	7114
505	7122	7133
506	7139	7152
507	7159	7166
508	7186	7192
509	7201	7206
510	7212	7218
511	7219	7224
512	7212	7224
513	7238	7249
514	7252	7258
515	7259	7264
516	7252	7264
517	7271	7279
518	7285	7293
519	7300	7308
520	7313	7321
521	7331	7335
522	7346	7358
523	7366	7372
524	7375	7382
525	7385	7393
526	7394	7408
527	7385	7408
528	7414	7421
529	7428	7439
530	7443	7454
531	7456	7468
532	7475	7482
533	7491	7499
534	7515	7521
535	7528	7540
536	7515	7540
537	7544	7553
538	7560	7565
539	7577	7584
540	7615	7618
541	7628	7635
542	7636	7645
543	7628	7645
544	7620	7635
545	7651	7656
546	7662	7667
547	7672	7680
548	7692	7701
549	7702	7710
550	7672	7691
551	7692	7710
552	7672	7701
553	7713	7723
554	7713	7734
555	7740	7748
556	7753	7761
557	7753	7768
558	7782	7792
559	7798	7801
560	7822	7828
561	7833	7838
562	7853	7858
563	7862	7868
564	7872	7878
565	7886	7900
566	7911	7920
567	7924	7934
568	7939	7951
569	7960	7965
570	7967	7976
571	7980	7983
572	7990	7995
573	7998	8005
574	8006	8016
575	7998	8016
576	8018	8027
577	8032	8038
578	8051	8059
579	8064	8072
580	8064	8084
581	8093	8104
582	8109	8117
583	8137	8146
584	8154	8159
585	8163	8169
586	8163	8181
587	8190	8195
588	8200	8205
589	8211	8218
590	8227	8233
591	8239	8246
592	8239	8257
593	8263	8270
594	8288	8294
595	8306	8316
596	8337	8346
597	8350	8357
598	8368	8377
599	8380	8387
600	8395	8402
601	8407	8413
602	8418	8427
603	8434	8440
604	8434	8449
605	8454	8460
606	8469	8473
607	8481	8488
608	8498	8506
609	8518	8524
610	8528	8542
611	8563	8574
612	8563	8582
613	8587	8597
614	8604	8612
615	8617	8630
616	8640	8649
617	8653	8658
